testing with:
 	up to: 512 jobs
 	matrix size: 4 * 512
 	alloc iterations: 16 * 1024 * 1024
 	exchange iterations: 128 * 1024
 	assumed huge page length: 0KiB
 	affinity: pid 21809's current affinity list: 0-11
 	cores: 2 on Intel(R) Xeon(R) CPU           X5675  @ 3.07GHz
 	system: 2.6.32-131.0.15.el6.x86_64 GNU/Linux
 	huge pages: hugepages-2048kB [always] never
 	libc: GNU C Library stable release version 2.12, by Roland McGrath et al.

test round with affinity: Group

row-stored matrix multiplication. size: 2048
         N         T       T-M         P
         1    90.749    86.386    87.347
         2    54.621    56.876    43.692
         4    54.719    18.271    18.301
         8    19.644     9.271     9.298
        16    21.557     9.169     9.313
        32    21.088     7.439     7.635
        64    20.830     8.070     7.781
       128    19.686     8.007     7.364
       256    21.811     9.303     7.831
       512    22.278    11.328     7.717

tile-stored matrix multiplication. size: 2048;
         N         T       T-M         P
         1    94.837    47.211    44.225
         2    61.722    23.962    24.060
         4    34.679    12.238    12.268
         8    22.865     7.537     7.596
        16    26.742     6.960     7.004
        32    23.300     6.423     6.403
        64    24.428     6.379     6.514
       128    22.819     6.269     6.362
       256    23.092     6.572     6.491
       512    24.420     6.758     6.718

allocation. iterations: 16777216
         N         T         P
         1    41.905    40.270
         2    19.530    17.831
         4    10.660     8.901
         8     7.453     4.469
        16    17.603     4.026
        32    27.708     2.409
        64    20.812     1.390
       128    13.898      .823
       256    11.733      .693
       512    12.218      .702

exchanges. iterations: 131072
         N         T         P
         1    35.208    37.931
         2    30.570    32.023
         4    18.593    19.376
         8     9.899    10.476
        16     6.332     7.046
        32     4.592     5.049
        64     3.760     3.803
       128     3.646     3.178
       256     4.894     2.866
       512      FAIL     2.550

test round with affinity: Interleave

row-stored matrix multiplication. size: 2048
         N         T       T-M         P
         1    89.020    87.898    87.627
         2    52.422    47.357    57.832
         4    58.498    18.312    18.329
         8    18.257     9.235     9.284
        16    20.789     9.087     9.278
        32    20.280     7.409     7.639
        64    24.673     7.712     7.916
       128    25.733     7.669     7.343
       256    21.385     8.834     7.701
       512    27.610    10.356     7.318

tile-stored matrix multiplication. size: 2048;
         N         T       T-M         P
         1    93.818    43.132    43.456
         2    60.872    23.968    24.014
         4    35.357    12.266    12.247
         8    23.244     7.569     7.573
        16    25.320     6.904     7.062
        32    24.136     6.220     6.256
        64    25.360     6.386     6.447
       128    31.812     6.212     6.210
       256    29.000     6.239     6.245
       512    31.764     6.562     6.131

allocation. iterations: 16777216
         N         T         P
         1    42.010    40.255
         2    19.443    17.845
         4    10.661     8.906
         8     7.436     4.479
        16    17.508     4.031
        32    27.002     2.373
        64    21.144     1.373
       128    13.558      .727
       256    11.984      .491
       512    12.623      .387

exchanges. iterations: 131072
         N         T         P
         1    35.195    37.904
         2    30.530    32.017
         4    18.586    19.343
         8     9.896    10.483
        16     6.340     7.053
        32     4.565     5.016
        64     3.843     3.785
       128     3.686     3.200
       256     4.604     2.892
       512      FAIL     2.539

test round with affinity: None

row-stored matrix multiplication. size: 2048
         N         T       T-M         P
         1    90.619    88.764   114.661
         2    52.265    48.368    43.887
         4    34.806    18.333    18.251
         8    21.407     9.161     9.241
        16    20.267     6.951     7.048
        32    19.954     7.118     7.113
        64    19.442     7.009     6.896
       128    20.374     6.913     7.159
       256    19.321     7.234     7.133
       512    20.198     7.813     6.994

tile-stored matrix multiplication. size: 2048;
         N         T       T-M         P
         1    91.444    45.117    55.049
         2    60.616    23.830    23.679
         4    34.895    12.285    12.286
         8    23.335     7.504     7.515
        16    22.471     6.372     6.355
        32    22.445     6.266     6.193
        64    22.091     6.217     6.055
       128    22.500     6.180     6.121
       256    22.512     6.147     6.078
       512    22.841     6.238     6.094

allocation. iterations: 16777216
         N         T         P
         1    41.824    40.266
         2    19.564    17.903
         4    12.811     8.884
         8     8.746     4.499
        16    12.128     2.944
        32    14.668     2.222
        64    13.019     1.273
       128    11.375      .713
       256    11.509      .493
       512    12.858      .382

exchanges. iterations: 131072
         N         T         P
         1    35.192    37.898
         2    30.205    31.014
         4    18.531    19.311
         8    10.038    10.766
        16     5.846     6.432
        32     2.959     3.409
        64     2.793     2.960
       128     2.660     2.731
       256     2.653     2.602
       512      FAIL     2.374
